-1 0 10 0
-0.999959 -0.00454539 9.99959 0.0454539
-0.999835 -0.00909041 9.99835 0.0909041
-0.999628 -0.0136347 9.99628 0.136347
-0.999339 -0.0181778 9.99339 0.181778
-0.998967 -0.0227194 9.98967 0.227194
-0.998512 -0.0272592 9.98512 0.272592
-0.997974 -0.0317967 9.97974 0.317967
-0.997354 -0.0363315 9.97354 0.363315
-0.996651 -0.0408634 9.96651 0.408634
-0.995864 -0.0453918 9.95864 0.453918
-0.994995 -0.0499164 9.94995 0.499164
-0.994042 -0.0544369 9.94042 0.544369
-0.993006 -0.0589528 9.93006 0.589528
-0.991887 -0.0634638 9.91887 0.634638
-0.990684 -0.0679694 9.90684 0.679694
-0.989398 -0.0724693 9.89398 0.724693
-0.988028 -0.076963 9.88028 0.76963
-0.986574 -0.0814502 9.86574 0.814502
-0.985036 -0.0859305 9.85036 0.859305
-0.983414 -0.0904034 9.83414 0.904034
-0.981707 -0.0948686 9.81707 0.948686
-0.979916 -0.0993256 9.79916 0.993256
-0.97804 -0.103774 9.7804 1.03774
-0.976079 -0.108213 9.76079 1.08213
-0.974033 -0.112643 9.74033 1.12643
-0.971902 -0.117063 9.71902 1.17063
-0.969684 -0.121473 9.69684 1.21473
-0.967381 -0.125872 9.67381 1.25872
-0.964992 -0.13026 9.64992 1.3026
-0.962517 -0.134636 9.62517 1.34636
-0.959955 -0.139 9.59955 1.39
-0.957306 -0.143351 9.57306 1.43351
-0.954569 -0.14769 9.54569 1.4769
-0.951746 -0.152015 9.51746 1.52015
-0.948834 -0.156325 9.48834 1.56325
-0.945834 -0.160622 9.45834 1.60622
-0.942746 -0.164903 9.42746 1.64903
-0.939569 -0.169169 9.39569 1.69169
-0.936302 -0.173418 9.36302 1.73418
-0.932946 -0.177651 9.32946 1.77651
-0.9295 -0.181867 9.295 1.81867
-0.925963 -0.186065 9.25963 1.86065
-0.922336 -0.190245 9.22336 1.90245
-0.918617 -0.194406 9.18617 1.94406
-0.914807 -0.198548 9.14807 1.98548
-0.910904 -0.20267 9.10904 2.0267
-0.906909 -0.206771 9.06909 2.06771
-0.902821 -0.21085 9.02821 2.1085
-0.898639 -0.214908 8.98639 2.14908
-0.894363 -0.218944 8.94363 2.18944
-0.889992 -0.222956 8.89992 2.22956
-0.885526 -0.226945 8.85526 2.26945
-0.880964 -0.230908 8.80964 2.30908
-0.876306 -0.234847 8.76306 2.34847
-0.871551 -0.23876 8.71551 2.3876
-0.866698 -0.242645 8.66698 2.42645
-0.861747 -0.246504 8.61747 2.46504
-0.856697 -0.250334 8.56697 2.50334
-0.851548 -0.254135 8.51548 2.54135
-0.846298 -0.257906 8.46298 2.57906
-0.840947 -0.261646 8.40947 2.61646
-0.835495 -0.265355 8.35495 2.65355
-0.829939 -0.269031 8.29939 2.69031
-0.824281 -0.272673 8.24281 2.72673
-0.818519 -0.276281 8.18519 2.76281
-0.812651 -0.279854 8.12651 2.79854
-0.806678 -0.28339 8.06678 2.8339
-0.800598 -0.286889 8.00598 2.86889
-0.794411 -0.290349 7.94411 2.90349
-0.788115 -0.29377 7.88115 2.9377
-0.78171 -0.29715 7.8171 2.9715
-0.775194 -0.300487 7.75194 3.00487
-0.768567 -0.303782 7.68567 3.03782
-0.761827 -0.307032 7.61827 3.07032
-0.754973 -0.310236 7.54973 3.10236
-0.748005 -0.313394 7.48005 3.13394
-0.740921 -0.316502 7.40921 3.16502
-0.73372 -0.319561 7.3372 3.19561
-0.726401 -0.322568 7.26401 3.22568
-0.718962 -0.325522 7.18962 3.25522
-0.711402 -0.328421 7.11402 3.28421
-0.703719 -0.331264 7.03719 3.31264
-0.695914 -0.334048 6.95914 3.34048
-0.687983 -0.336773 6.87983 3.36773
-0.679926 -0.339435 6.79926 3.39435
-0.67174 -0.342034 6.7174 3.42034
-0.663425 -0.344567 6.63425 3.44567
-0.654979 -0.347031 6.54979 3.47031
-0.6464 -0.349425 6.464 3.49425
-0.637686 -0.351747 6.37686 3.51747
-0.628836 -0.353993 6.28836 3.53993
-0.619848 -0.356161 6.19848 3.56161
-0.610719 -0.358248 6.10719 3.58248
-0.601448 -0.360253 6.01448 3.60253
-0.592033 -0.36217 5.92033 3.6217
-0.582471 -0.363998 5.82471 3.63998
-0.572761 -0.365734 5.72761 3.65734
-0.5629 -0.367373 5.629 3.67373
-0.552886 -0.368912 5.52886 3.68912
-0.542716 -0.370347 5.42716 3.70347
-0.532388 -0.371674 5.32388 3.71674
-0.5219 -0.372889 5.219 3.72889
-0.511247 -0.373988 5.11247 3.73988
-0.500429 -0.374964 5.00429 3.74964
-0.489442 -0.375814 4.89442 3.75814
-0.478282 -0.376532 4.78282 3.76532
-0.466947 -0.377111 4.66947 3.77111
-0.455434 -0.377547 4.55434 3.77547
-0.443738 -0.377831 4.43738 3.77831
-0.431858 -0.377958 4.31858 3.77958
-0.419789 -0.37792 4.19789 3.7792
-0.407527 -0.377708 4.07527 3.77708
-0.395069 -0.377314 3.95069 3.77314
-0.38241 -0.376729 3.8241 3.76729
-0.369547 -0.375943 3.69547 3.75943
-0.356476 -0.374944 3.56476 3.74944
-0.343192 -0.373722 3.43192 3.73722
-0.329691 -0.372263 3.29691 3.72263
-0.315968 -0.370553 3.15968 3.70553
-0.302019 -0.368579 3.02019 3.68579
-0.28784 -0.366323 2.8784 3.66323
-0.273425 -0.363767 2.73425 3.63767
-0.258771 -0.360892 2.58771 3.60892
-0.243872 -0.357676 2.43872 3.57676
-0.228725 -0.354096 2.28725 3.54096
-0.213325 -0.350125 2.13325 3.50125
-0.19767 -0.345733 1.9767 3.45733
-0.181756 -0.340889 1.81756 3.40889
-0.165582 -0.335556 1.65582 3.35556
-0.149147 -0.329694 1.49147 3.29694
-0.132451 -0.323255 1.32451 3.23255
-0.1155 -0.31619 1.155 3.1619
-0.098298 -0.308439 0.98298 3.08439
-0.0808574 -0.299935 0.808574 2.99935
-0.0631946 -0.290604 0.631946 2.90604
-0.045334 -0.280359 0.45334 2.80359
-0.0273111 -0.269101 0.273111 2.69101
-0.0091758 -0.256718 0.091758 2.56718
0.009002 -0.243082 -0.09002 2.43082
0.027125 -0.228049 -0.27125 2.28049
0.0450589 -0.211458 -0.450589 2.11458
0.0626187 -0.193139 -0.626187 1.93139
0.0795531 -0.172913 -0.795531 1.72913
0.0955254 -0.150618 -0.955254 1.50618
0.110097 -0.126137 -1.10097 1.26137
0.122723 -0.0994484 -1.22723 0.994484
0.132773 -0.070694 -1.32773 0.70694
0.139609 -0.0402453 -1.39609 0.402453
0.142705 -0.0087296 -1.42705 0.087296
0.141796 0.0230286 -1.41796 -0.230286
0.136962 0.0541558 -1.36962 -0.541558
0.128601 0.0839028 -1.28601 -0.839028
0.117308 0.111756 -1.17308 -1.11756
0.103731 0.137455 -1.03731 -1.37455
0.0884665 0.16094 -0.884665 -1.6094
0.0720126 0.182284 -0.720126 -1.82284
0.0547602 0.201628 -0.547602 -2.01628
0.0370052 0.219146 -0.370052 -2.19146
0.0189667 0.235014 -0.189667 -2.35014
0.000805051 0.249398 -0.00805051 -2.49398
-0.0173636 0.262452 0.173636 -2.62452
-0.0354553 0.274313 0.354553 -2.74313
-0.05341 0.285101 0.5341 -2.85101
-0.0711849 0.294923 0.711849 -2.94923
-0.0887498 0.303871 0.887498 -3.03871
-0.106084 0.312026 1.06084 -3.12026
-0.123174 0.319461 1.23174 -3.19461
-0.14001 0.326237 1.4001 -3.26237
-0.156589 0.33241 1.56589 -3.3241
-0.172906 0.338028 1.72906 -3.38028
-0.188963 0.343136 1.88963 -3.43136
-0.204759 0.347772 2.04759 -3.47772
-0.220299 0.35197 2.20299 -3.5197
-0.235584 0.355762 2.35584 -3.55762
-0.250618 0.359175 2.50618 -3.59175
-0.265406 0.362234 2.65406 -3.62234
-0.279952 0.364963 2.79952 -3.64963
-0.29426 0.367381 2.9426 -3.67381
-0.308335 0.369508 3.08335 -3.69508
-0.322181 0.371362 3.22181 -3.71362
-0.335804 0.372956 3.35804 -3.72956
-0.349206 0.374307 3.49206 -3.74307
-0.362394 0.375427 3.62394 -3.75427
-0.37537 0.376329 3.7537 -3.76329
-0.38814 0.377024 3.8814 -3.77024
-0.400708 0.377521 4.00708 -3.77521
-0.413077 0.377832 4.13077 -3.77832
-0.425252 0.377965 4.25252 -3.77965
-0.437235 0.377928 4.37235 -3.77928
-0.449032 0.377729 4.49032 -3.77729
-0.460644 0.377376 4.60644 -3.77376
-0.472077 0.376875 4.72077 -3.76875
-0.483332 0.376232 4.83332 -3.76232
-0.494414 0.375454 4.94414 -3.75454
-0.505325 0.374547 5.05325 -3.74547
-0.516068 0.373515 5.16068 -3.73515
-0.526646 0.372364 5.26646 -3.72364
-0.537062 0.371098 5.37062 -3.71098
-0.547318 0.369721 5.47318 -3.69721
-0.557417 0.368239 5.57417 -3.68239
-0.567362 0.366655 5.67362 -3.66655
-0.577155 0.364972 5.77155 -3.64972
-0.586797 0.363194 5.86797 -3.63194
-0.596293 0.361325 5.96293 -3.61325
-0.605643 0.359368 6.05643 -3.59368
-0.614849 0.357326 6.14849 -3.57326
-0.623914 0.355202 6.23914 -3.55202
-0.63284 0.352999 6.3284 -3.52999
-0.641629 0.350719 6.41629 -3.50719
-0.650282 0.348364 6.50282 -3.48364
-0.658801 0.345938 6.58801 -3.45938
-0.667187 0.343443 6.67187 -3.43443
-0.675444 0.34088 6.75444 -3.4088
-0.683571 0.338253 6.83571 -3.38253
-0.691571 0.335562 6.91571 -3.35562
-0.699446 0.33281 6.99446 -3.3281
-0.707195 0.329999 7.07195 -3.29999
-0.714822 0.327131 7.14822 -3.27131
-0.722327 0.324207 7.22327 -3.24207
-0.729712 0.321229 7.29712 -3.21229
-0.736978 0.318199 7.36978 -3.18199
-0.744127 0.315118 7.44127 -3.15118
-0.751158 0.311987 7.51158 -3.11987
-0.758075 0.308809 7.58075 -3.08809
-0.764877 0.305584 7.64877 -3.05584
-0.771566 0.302313 7.71566 -3.02313
-0.778143 0.298999 7.78143 -2.98999
-0.784609 0.295642 7.84609 -2.95642
-0.790965 0.292244 7.90965 -2.92244
-0.797211 0.288806 7.97211 -2.88806
-0.80335 0.285328 8.0335 -2.85328
-0.809382 0.281812 8.09382 -2.81812
-0.815307 0.27826 8.15307 -2.7826
-0.821127 0.274671 8.21127 -2.74671
-0.826842 0.271047 8.26842 -2.71047
-0.832454 0.267389 8.32454 -2.67389
-0.837963 0.263699 8.37963 -2.63699
-0.84337 0.259976 8.4337 -2.59976
-0.848675 0.256222 8.48675 -2.56222
-0.853879 0.252437 8.53879 -2.52437
-0.858984 0.248623 8.58984 -2.48623
-0.863989 0.24478 8.63989 -2.4478
-0.868896 0.240909 8.68896 -2.40909
-0.873705 0.237011 8.73705 -2.37011
-0.878416 0.233087 8.78416 -2.33087
-0.883031 0.229137 8.83031 -2.29137
-0.887549 0.225162 8.87549 -2.25162
-0.891972 0.221163 8.91972 -2.21163
-0.8963 0.21714 8.963 -2.1714
-0.900534 0.213095 9.00534 -2.13095
-0.904674 0.209027 9.04674 -2.09027
-0.90872 0.204937 9.0872 -2.04937
-0.912673 0.200827 9.12673 -2.00827
-0.916534 0.196696 9.16534 -1.96696
-0.920303 0.192546 9.20303 -1.92546
-0.923981 0.188376 9.23981 -1.88376
-0.927567 0.184188 9.27567 -1.84188
-0.931063 0.179982 9.31063 -1.79982
-0.934468 0.175758 9.34468 -1.75758
-0.937784 0.171518 9.37784 -1.71518
-0.94101 0.167261 9.4101 -1.67261
-0.944148 0.162988 9.44148 -1.62988
-0.947196 0.1587 9.47196 -1.587
-0.950156 0.154397 9.50156 -1.54397
-0.953028 0.15008 9.53028 -1.5008
-0.955813 0.145749 9.55813 -1.45749
-0.958509 0.141405 9.58509 -1.41405
-0.961119 0.137048 9.61119 -1.37048
-0.963642 0.132678 9.63642 -1.32678
-0.966079 0.128297 9.66079 -1.28297
-0.968429 0.123904 9.68429 -1.23904
-0.970693 0.1195 9.70693 -1.195
-0.972872 0.115086 9.72872 -1.15086
-0.974965 0.110661 9.74965 -1.10661
-0.976973 0.106227 9.76973 -1.06227
-0.978895 0.101784 9.78895 -1.01784
-0.980733 0.0973313 9.80733 -0.973313
-0.982486 0.0928706 9.82486 -0.928706
-0.984155 0.0884019 9.84155 -0.884019
-0.985739 0.0839256 9.85739 -0.839256
-0.987239 0.0794422 9.87239 -0.794422
-0.988655 0.074952 9.88655 -0.74952
-0.989988 0.0704555 9.89988 -0.704555
-0.991236 0.065953 9.91236 -0.65953
-0.992401 0.0614449 9.92401 -0.614449
-0.993483 0.0569317 9.93483 -0.569317
-0.994481 0.0524137 9.94481 -0.524137
-0.995397 0.0478913 9.95397 -0.478913
-0.996229 0.0433649 9.96229 -0.433649
-0.996978 0.0388349 9.96978 -0.388349
-0.997644 0.0343017 9.97644 -0.343017
-0.998227 0.0297656 9.98227 -0.297656
-0.998727 0.0252271 9.98727 -0.252271
-0.999144 0.0206865 9.99144 -0.206865
-0.999479 0.0161441 9.99479 -0.161441
-0.999731 0.0116004 9.99731 -0.116004
-0.999901 0.00705576 9.99901 -0.0705576
-0.999988 0.00251053 9.99988 -0.0251053
-0.999992 -0.00203491 9.99992 0.0203491
-0.999913 -0.00658018 9.99913 0.0658018
-0.999752 -0.0111249 9.99752 0.111249
-0.999508 -0.0156687 9.99508 0.156687
-0.999181 -0.0202112 9.99181 0.202112
-0.998772 -0.0247521 9.98772 0.247521
-0.99828 -0.0292908 9.9828 0.292908
-0.997705 -0.0338272 9.97705 0.338272
-0.997047 -0.0383607 9.97047 0.383607
-0.996307 -0.0428911 9.96307 0.428911
-0.995483 -0.0474179 9.95483 0.474179
-0.994576 -0.0519407 9.94576 0.519407
-0.993586 -0.0564592 9.93586 0.564592
-0.992513 -0.0609729 9.92513 0.609729
-0.991356 -0.0654815 9.91356 0.654815
-0.990116 -0.0699846 9.90116 0.699846
-0.988791 -0.0744818 9.88791 0.744818
-0.987384 -0.0789727 9.87384 0.789727
-0.985892 -0.0834568 9.85892 0.834568
-0.984316 -0.0879338 9.84316 0.879338
-0.982656 -0.0924033 9.82656 0.924033
-0.980911 -0.0968649 9.80911 0.968649
-0.979082 -0.101318 9.79082 1.01318
-0.977167 -0.105763 9.77167 1.05763
-0.975168 -0.110198 9.75168 1.10198
-0.973084 -0.114623 9.73084 1.14623
-0.970914 -0.119039 9.70914 1.19039
-0.968658 -0.123444 9.68658 1.23444
-0.966316 -0.127838 9.66316 1.27838
-0.963888 -0.13222 9.63888 1.3222
-0.961374 -0.136591 9.61374 1.36591
-0.958773 -0.14095 9.58773 1.4095
-0.956084 -0.145295 9.56084 1.45295
-0.953309 -0.149628 9.53309 1.49628
-0.950445 -0.153946 9.50445 1.53946
-0.947494 -0.158251 9.47494 1.58251
-0.944454 -0.16254 9.44454 1.6254
-0.941326 -0.166814 9.41326 1.66814
-0.938109 -0.171073 9.38109 1.71073
-0.934802 -0.175315 9.34802 1.75315
-0.931405 -0.179541 9.31405 1.79541
-0.927918 -0.183749 9.27918 1.83749
-0.924341 -0.187939 9.24341 1.87939
-0.920672 -0.19211 9.20672 1.9211
-0.916913 -0.196263 9.16913 1.96263
-0.913061 -0.200396 9.13061 2.00396
-0.909117 -0.204508 9.09117 2.04508
-0.90508 -0.2086 9.0508 2.086
-0.900949 -0.21267 9.00949 2.1267
-0.896725 -0.216718 8.96725 2.16718
-0.892406 -0.220743 8.92406 2.20743
-0.887993 -0.224745 8.87993 2.24745
-0.883484 -0.228722 8.83484 2.28722
-0.878878 -0.232675 8.78878 2.32675
-0.874177 -0.236602 8.74177 2.36602
-0.869377 -0.240502 8.69377 2.40502
-0.864481 -0.244376 8.64481 2.44376
-0.859485 -0.248222 8.59485 2.48222
-0.85439 -0.252039 8.5439 2.52039
-0.849196 -0.255826 8.49196 2.55826
-0.8439 -0.259584 8.439 2.59584
-0.838504 -0.26331 8.38504 2.6331
-0.833005 -0.267004 8.33005 2.67004
-0.827404 -0.270665 8.27404 2.70665
-0.821699 -0.274292 8.21699 2.74292
-0.815889 -0.277885 8.15889 2.77885
-0.809974 -0.281441 8.09974 2.81441
-0.803953 -0.284961 8.03953 2.84961
-0.797825 -0.288442 7.97825 2.88442
-0.791589 -0.291885 7.91589 2.91885
-0.785244 -0.295287 7.85244 2.95287
-0.778789 -0.298649 7.78789 2.98649
-0.772223 -0.301967 7.72223 3.01967
-0.765545 -0.305242 7.65545 3.05242
-0.758754 -0.308472 7.58754 3.08472
-0.751849 -0.311655 7.51849 3.11655
-0.744829 -0.31479 7.44829 3.1479
-0.737692 -0.317877 7.37692 3.17877
-0.730438 -0.320912 7.30438 3.20912
-0.723064 -0.323896 7.23064 3.23896
-0.715571 -0.326825 7.15571 3.26825
-0.707956 -0.329699 7.07956 3.29699
-0.700218 -0.332516 7.00218 3.32516
-0.692357 -0.335274 6.92357 3.35274
-0.684369 -0.337971 6.84369 3.37971
-0.676254 -0.340605 6.76254 3.40605
-0.668011 -0.343174 6.68011 3.43174
-0.659637 -0.345677 6.59637 3.45677
-0.651131 -0.34811 6.51131 3.4811
-0.642491 -0.350472 6.42491 3.50472
-0.633716 -0.352759 6.33716 3.52759
-0.624804 -0.354971 6.24804 3.54971
-0.615752 -0.357103 6.15752 3.57103
-0.60656 -0.359153 6.0656 3.59153
-0.597224 -0.361119 5.97224 3.61119
-0.587743 -0.362997 5.87743 3.62997
-0.578115 -0.364784 5.78115 3.64784
-0.568337 -0.366476 5.68337 3.66476
-0.558407 -0.368071 5.58407 3.68071
-0.548323 -0.369564 5.48323 3.69564
-0.538082 -0.370951 5.38082 3.70951
-0.527682 -0.372228 5.27682 3.72228
-0.51712 -0.373391 5.1712 3.73391
-0.506393 -0.374435 5.06393 3.74435
-0.495499 -0.375356 4.95499 3.75356
-0.484434 -0.376147 4.84434 3.76147
-0.473196 -0.376803 4.73196 3.76803
-0.461781 -0.377319 4.61781 3.77319
-0.450186 -0.377687 4.50186 3.77687
-0.438408 -0.377902 4.38408 3.77902
-0.426442 -0.377955 4.26442 3.77955
-0.414287 -0.37784 4.14287 3.7784
-0.401937 -0.377547 4.01937 3.77547
-0.389389 -0.377068 3.89389 3.77068
-0.376639 -0.376394 3.76639 3.76394
-0.363682 -0.375513 3.63682 3.75513
-0.350516 -0.374416 3.50516 3.74416
-0.337134 -0.373088 3.37134 3.73088
-0.323533 -0.371518 3.23533 3.71518
-0.309709 -0.369692 3.09709 3.69692
-0.295657 -0.367592 2.95657 3.67592
-0.281372 -0.365203 2.81372 3.65203
-0.266849 -0.362506 2.66849 3.62506
-0.252085 -0.359481 2.52085 3.59481
-0.237075 -0.356104 2.37075 3.56104
-0.221814 -0.352351 2.21814 3.52351
-0.206299 -0.348194 2.06299 3.48194
-0.190528 -0.343603 1.90528 3.43603
-0.174497 -0.338543 1.74497 3.38543
-0.158204 -0.332977 1.58204 3.32977
-0.141652 -0.326861 1.41652 3.26861
-0.12484 -0.320147 1.2484 3.20147
-0.107774 -0.31278 1.07774 3.1278
-0.0904631 -0.304698 0.904631 3.04698
-0.0729196 -0.295832 0.729196 2.95832
-0.0551638 -0.2861 0.551638 2.861
-0.0372247 -0.275411 0.372247 2.75411
-0.0191436 -0.26366 0.191436 2.6366
-0.000978825 -0.250729 0.00978825 2.50729
0.0171885 -0.236482 -0.171885 2.36482
0.0352457 -0.220767 -0.352457 2.20767
0.0530376 -0.203419 -0.530376 2.03419
0.0703513 -0.184261 -0.703513 1.84261
0.0868995 -0.16312 -0.868995 1.6312
0.102301 -0.139849 -1.02301 1.39849
0.116069 -0.114367 -1.16069 1.14367
0.127614 -0.086717 -1.27614 0.86717
0.13629 -0.0571368 -1.3629 0.571368
0.141492 -0.0261148 -1.41492 0.261148
0.142795 0.0056194 -1.42795 -0.056194
0.140084 0.0371973 -1.40084 -0.371973
0.133595 0.0677821 -1.33595 -0.677821
0.123831 0.0967228 -1.23831 -0.967228
0.11143 0.123623 -1.1143 -1.23623
0.0970232 0.148321 -0.970232 -1.48321
0.0811673 0.170826 -0.811673 -1.70826
0.0643111 0.191248 -0.643111 -1.91248
0.0468007 0.209747 -0.468007 -2.09747
0.0288948 0.226499 -0.288948 -2.26499
0.0107841 0.241677 -0.107841 -2.41677
-0.00739269 0.255444 0.0739269 -2.55444
-0.0255352 0.267944 0.255352 -2.67944
-0.0435712 0.279307 0.435712 -2.79307
-0.0614491 0.289647 0.614491 -2.89647
-0.0791322 0.299064 0.791322 -2.99064
-0.096595 0.307645 0.96595 -3.07645
-0.11382 0.315468 1.1382 -3.15468
-0.130797 0.322598 1.30797 -3.22598
-0.147517 0.329096 1.47517 -3.29096
-0.163977 0.335013 1.63977 -3.35013
-0.180177 0.340396 1.80177 -3.40396
-0.196116 0.345287 1.96116 -3.45287
-0.211796 0.349722 2.11796 -3.49722
-0.22722 0.353733 2.2722 -3.53733
-0.242392 0.357351 2.42392 -3.57351
-0.257315 0.360601 2.57315 -3.60601
-0.271993 0.363509 2.71993 -3.63509
-0.286431 0.366096 2.86431 -3.66096
-0.300633 0.368381 3.00633 -3.68381
-0.314604 0.370382 3.14604 -3.70382
-0.328349 0.372117 3.28349 -3.72117
-0.341871 0.373601 3.41871 -3.73601
-0.355176 0.374846 3.55176 -3.74846
-0.368268 0.375866 3.68268 -3.75866
-0.381151 0.376673 3.81151 -3.76673
-0.393829 0.377278 3.93829 -3.77278
-0.406307 0.377691 4.06307 -3.77691
-0.418588 0.37792 4.18588 -3.7792
-0.430676 0.377976 4.30676 -3.77976
-0.442574 0.377865 4.42574 -3.77865
-0.454287 0.377596 4.54287 -3.77596
-0.465818 0.377175 4.65818 -3.77175
-0.477171 0.376609 4.77171 -3.76609
-0.488347 0.375905 4.88347 -3.75905
-0.499352 0.375069 4.99352 -3.75069
-0.510186 0.374105 5.10186 -3.74105
-0.520855 0.373018 5.20855 -3.73018
-0.531359 0.371815 5.31359 -3.71815
-0.541703 0.370499 5.41703 -3.70499
-0.551888 0.369074 5.51888 -3.69074
-0.561917 0.367545 5.61917 -3.67545
-0.571793 0.365916 5.71793 -3.65916
-0.581518 0.364191 5.81518 -3.64191
-0.591094 0.362372 5.91094 -3.62372
-0.600523 0.360463 6.00523 -3.60463
-0.609808 0.358467 6.09808 -3.58467
-0.618951 0.356388 6.18951 -3.56388
-0.627953 0.354228 6.27953 -3.54228
-0.636817 0.35199 6.36817 -3.5199
-0.645544 0.349676 6.45544 -3.49676
-0.654136 0.347289 6.54136 -3.47289
-0.662595 0.344831 6.62595 -3.44831
-0.670923 0.342306 6.70923 -3.42306
-0.679121 0.339714 6.79121 -3.39714
-0.687191 0.337057 6.87191 -3.37057
-0.695134 0.334339 6.95134 -3.34339
-0.702952 0.33156 7.02952 -3.3156
-0.710646 0.328724 7.10646 -3.28724
-0.718218 0.32583 7.18218 -3.2583
-0.725669 0.322882 7.25669 -3.22882
-0.733 0.31988 7.33 -3.1988
-0.740213 0.316827 7.40213 -3.16827
-0.747309 0.313723 7.47309 -3.13723
-0.754288 0.310571 7.54288 -3.10571
-0.761153 0.307371 7.61153 -3.07371
-0.767904 0.304126 7.67904 -3.04126
-0.774542 0.300836 7.74542 -3.00836
-0.781069 0.297502 7.81069 -2.97502
-0.787485 0.294127 7.87485 -2.94127
-0.793792 0.29071 7.93792 -2.9071
-0.79999 0.287254 7.9999 -2.87254
-0.80608 0.283759 8.0608 -2.83759
-0.812064 0.280227 8.12064 -2.80227
-0.817941 0.276658 8.17941 -2.76658
-0.823714 0.273053 8.23714 -2.73053
-0.829383 0.269414 8.29383 -2.69414
-0.834948 0.265742 8.34948 -2.65742
-0.840411 0.262036 8.40411 -2.62036
-0.845771 0.258299 8.45771 -2.58299
-0.851031 0.254531 8.51031 -2.54531
-0.856191 0.250734 8.56191 -2.50734
-0.86125 0.246906 8.6125 -2.46906
-0.866211 0.243051 8.66211 -2.43051
-0.871074 0.239168 8.71074 -2.39168
-0.875838 0.235258 8.75838 -2.35258
-0.880506 0.231322 8.80506 -2.31322
-0.885078 0.227361 8.85078 -2.27361
-0.889553 0.223375 8.89553 -2.23375
-0.893933 0.219365 8.93933 -2.19365
-0.898219 0.215332 8.98219 -2.15332
-0.90241 0.211276 9.0241 -2.11276
-0.906507 0.207199 9.06507 -2.07199
-0.910512 0.2031 9.10512 -2.031
-0.914423 0.19898 9.14423 -1.9898
-0.918243 0.194841 9.18243 -1.94841
-0.921971 0.190682 9.21971 -1.90682
-0.925607 0.186504 9.25607 -1.86504
-0.929153 0.182307 9.29153 -1.82307
-0.932608 0.178093 9.32608 -1.78093
-0.935973 0.173862 9.35973 -1.73862
-0.939248 0.169614 9.39248 -1.69614
-0.942434 0.16535 9.42434 -1.6535
-0.945531 0.16107 9.45531 -1.6107
-0.94854 0.156776 9.4854 -1.56776
-0.95146 0.152466 9.5146 -1.52466
-0.954293 0.148143 9.54293 -1.48143
-0.957038 0.143806 9.57038 -1.43806
-0.959695 0.139456 9.59695 -1.39456
-0.962266 0.135093 9.62266 -1.35093
-0.96475 0.130718 9.6475 -1.30718
-0.967148 0.126332 9.67148 -1.26332
-0.969459 0.121934 9.69459 -1.21934
-0.971685 0.117525 9.71685 -1.17525
-0.973825 0.113106 9.73825 -1.13106
-0.97588 0.108677 9.7588 -1.08677
-0.977849 0.104239 9.77849 -1.04239
-0.979733 0.0997914 9.79733 -0.997914
-0.981533 0.0953353 9.81533 -0.953353
-0.983248 0.090871 9.83248 -0.90871
-0.984878 0.0863989 9.84878 -0.863989
-0.986425 0.0819193 9.86425 -0.819193
-0.987887 0.0774328 9.87887 -0.774328
-0.989266 0.0729398 9.89266 -0.729398
-0.99056 0.0684405 9.9056 -0.684405
-0.991771 0.0639355 9.91771 -0.639355
-0.992899 0.0594251 9.92899 -0.594251
-0.993943 0.0549097 9.93943 -0.549097
-0.994904 0.0503896 9.94904 -0.503896
-0.995781 0.0458654 9.95781 -0.458654
-0.996576 0.0413374 9.96576 -0.413374
-0.997288 0.0368059 9.97288 -0.368059
-0.997916 0.0322713 9.97916 -0.322713
-0.998462 0.0277341 9.98462 -0.277341
-0.998925 0.0231946 9.98925 -0.231946
-0.999305 0.0186531 9.99305 -0.186531
-0.999603 0.0141101 9.99603 -0.141101
-0.999818 0.00956595 9.99818 -0.0956595
-0.99995 0.005021 9.9995 -0.05021
-1 0.000475628 10 -0.00475628
-0.999966 -0.00406978 9.99966 0.0406978
-0.999851 -0.00861485 9.99851 0.0861485
-0.999652 -0.0131592 9.99652 0.131592
-0.999371 -0.0177025 9.99371 0.177025
-0.999007 -0.0222443 9.99007 0.222443
-0.998561 -0.0267843 9.98561 0.267843
-0.998032 -0.031322 9.98032 0.31322
-0.997419 -0.0358571 9.97419 0.358571
-0.996724 -0.0403893 9.96724 0.403893
-0.995946 -0.0449181 9.95946 0.449181
-0.995085 -0.0494432 9.95085 0.494432
-0.994141 -0.0539641 9.94141 0.539641
-0.993113 -0.0584805 9.93113 0.584805
-0.992002 -0.062992 9.92002 0.62992
-0.990808 -0.0674982 9.90808 0.674982
-0.98953 -0.0719987 9.8953 0.719987
-0.988168 -0.0764931 9.88168 0.764931
-0.986722 -0.080981 9.86722 0.80981
-0.985193 -0.085462 9.85193 0.85462
-0.983579 -0.0899357 9.83579 0.899357
-0.981881 -0.0944017 9.81881 0.944017
-0.980098 -0.0988596 9.80098 0.988596
-0.97823 -0.103309 9.7823 1.03309
-0.976278 -0.107749 9.76278 1.07749
-0.97424 -0.11218 9.7424 1.1218
-0.972117 -0.116601 9.72117 1.16601
-0.969909 -0.121012 9.69909 1.21012
-0.967614 -0.125412 9.67614 1.25412
-0.965234 -0.129801 9.65234 1.29801
-0.962767 -0.134179 9.62767 1.34179
-0.960213 -0.138544 9.60213 1.38544
-0.957573 -0.142897 9.57573 1.42897
-0.954845 -0.147236 9.54845 1.47236
-0.95203 -0.151563 9.5203 1.51563
-0.949127 -0.155875 9.49127 1.55875
-0.946136 -0.160173 9.46136 1.60173
-0.943057 -0.164456 9.43057 1.64456
-0.939888 -0.168723 9.39888 1.68723
-0.936631 -0.172974 9.36631 1.72974
-0.933283 -0.177209 9.33283 1.77209
-0.929846 -0.181427 9.29846 1.81427
-0.926319 -0.185627 9.26319 1.85627
-0.9227 -0.189808 9.227 1.89808
-0.918991 -0.193972 9.18991 1.93972
-0.915189 -0.198115 9.15189 1.98115
-0.911296 -0.202239 9.11296 2.02239
-0.90731 -0.206342 9.0731 2.06342
-0.903231 -0.210424 9.03231 2.10424
-0.899058 -0.214485 8.99058 2.14485
-0.894792 -0.218522 8.94792 2.18522
-0.89043 -0.222537 8.9043 2.22537
-0.885974 -0.226528 8.85974 2.26528
-0.881421 -0.230494 8.81421 2.30494
-0.876773 -0.234436 8.76773 2.34436
-0.872027 -0.238351 8.72027 2.38351
-0.867184 -0.24224 8.67184 2.4224
-0.862243 -0.246101 8.62243 2.46101
-0.857203 -0.249934 8.57203 2.49934
-0.852063 -0.253738 8.52063 2.53738
-0.846823 -0.257512 8.46823 2.57512
-0.841482 -0.261255 8.41482 2.61255
-0.83604 -0.264967 8.3604 2.64967
-0.830495 -0.268647 8.30495 2.68647
-0.824847 -0.272293 8.24847 2.72293
-0.819095 -0.275905 8.19095 2.75905
-0.813238 -0.279481 8.13238 2.79481
-0.807275 -0.283021 8.07275 2.83021
-0.801206 -0.286524 8.01206 2.86524
-0.795029 -0.289988 7.95029 2.89988
-0.788744 -0.293413 7.88744 2.93413
-0.78235 -0.296797 7.8235 2.96797
-0.775845 -0.300139 7.75845 3.00139
-0.769229 -0.303438 7.69229 3.03438
-0.7625 -0.306693 7.625 3.06693
-0.755658 -0.309902 7.55658 3.09902
-0.748701 -0.313064 7.48701 3.13064
-0.741628 -0.316177 7.41628 3.16177
-0.734439 -0.319241 7.34439 3.19241
-0.727131 -0.322253 7.27131 3.22253
-0.719704 -0.325213 7.19704 3.25213
-0.712156 -0.328118 7.12156 3.28118
-0.704486 -0.330966 7.04486 3.30966
-0.696692 -0.333757 6.96692 3.33757
-0.688774 -0.336488 6.88774 3.36488
-0.680729 -0.339157 6.80729 3.39157
-0.672556 -0.341762 6.72556 3.41762
-0.664254 -0.344301 6.64254 3.44301
-0.655821 -0.346773 6.55821 3.46773
-0.647255 -0.349174 6.47255 3.49174
-0.638555 -0.351503 6.38555 3.51503
-0.629718 -0.353757 6.29718 3.53757
-0.620743 -0.355933 6.20743 3.55933
-0.611628 -0.358029 6.11628 3.58029
-0.602371 -0.360041 6.02371 3.60041
